<?xml version="1.0" encoding="ISO-8859-1"?>
<!DOCTYPE mixture PUBLIC "-//ghmm.org//DOCUMENT ghmm V1.0//EN" "http://ghmm.sourceforge.net/xml/1.0/ghmm.dtd">
<mixture version="1.0" noComponents="1">
 <HMM name="" type="higher-order discrete">
  <alphabet id="0">
   <symbol code="0">A</symbol>
   <symbol code="1">C</symbol>
   <symbol code="2">G</symbol>
   <symbol code="3">T</symbol>
  </alphabet>
  <state id="0" initial="1.00000000">
   <discrete id="0">0.22176045, 0.2850768, 0.27350902, 0.21965373</discrete>
  </state>
  <state id="1" initial="0.00000000">
   <discrete id="0" order="1">0.24734029, 0.23611975, 0.34658318, 0.16995678, 0.26556001, 0.31681118, 0.15335192, 0.26427689, 0.2081166, 0.29365594, 0.31736504, 0.18086242, 0.13194263, 0.27424087, 0.34623271, 0.2475838</discrete>
  </state>
  <state id="2" initial="0.00000000">
   <discrete id="0" order="1">0.27228167, 0.13501584, 0.43822441, 0.15447808, 0.3384008, 0.17555817, 0.14095091, 0.34509012, 0.24879254, 0.19212441, 0.36857333, 0.19050972, 0.1324779, 0.12730766, 0.55048232, 0.18973212</discrete>
  </state>
  <state id="3" initial="0.00000000">
   <discrete id="0" order="1">0.40996002, 0.11830249, 0.44529765, 0.026439844, 0.64346661, 0.21095729, 0.14039552, 0.0051805813, 0.41318321, 0.22178477, 0.31638606, 0.048645965, 0.28989317, 0.28263143, 0.40161486, 0.025860534</discrete>
  </state>
  <state id="4" initial="0.00000000">
   <discrete id="0" order="1">0.00018284146, 0.00021139581, 0.00021283673, 0.99939293, 0.00054157289, 1.4442746e-05, 3.6017953e-06, 0.99944038, 0.00034600116, 0.0001409107, 7.1425484e-05, 0.99944166, 1.1527834e-08, 0, 4.6276027e-07, 0.99999953</discrete>
  </state>
  <state id="5" initial="0.00000000">
   <discrete id="0" order="1">2.7266915e-05, 0.00011900601, 0.99983632, 1.7406687e-05, 9.1931011e-06, 2.9754792e-05, 0.99994297, 1.8084616e-05, 4.3376585e-05, 1.3444135e-05, 0.99992785, 1.5333141e-05, 0.00072664763, 0.0014605392, 0.94795355, 0.049859266</discrete>
  </state>
  <state id="6" initial="0.00000000">
   <discrete id="0" order="1">0.99990341, 2.1725982e-05, 4.5871962e-06, 7.0281321e-05, 0.99998619, 1.9051437e-07, 1.9833646e-08, 1.360331e-05, 0.98366295, 0.0015537456, 0.00034423518, 0.014439066, 0.99999833, 0, 2.8490684e-08, 1.6445375e-06</discrete>
  </state>
  <state id="7" initial="0.00000000">
   <discrete id="0" order="1">0.056785167, 0.44952765, 0.43647597, 0.057211216, 1.1937283e-06, 0.018703529, 0.98066189, 0.00063338259, 1.8017963e-06, 0.76362365, 0.22941772, 0.0069568216, 4.1798327e-07, 0.0071391326, 0.98993372, 0.0029267247</discrete>
  </state>
  <state id="8" initial="0.00000000">
   <discrete id="0" order="1">4.0298625e-07, 2.0771319e-08, 0, 0.99999958, 0.038755938, 0.00034315643, 0.0055935207, 0.95530738, 0.00026569432, 0.00041266841, 6.9498607e-05, 0.99925214, 0.0010598457, 2.8912933e-05, 1.7203384e-05, 0.99889404</discrete>
  </state>
  <state id="9" initial="0.00000000">
   <discrete id="0" order="1">0.010522055, 0.98946974, 1.8226742e-06, 6.3850898e-06, 0.013678821, 0.98631323, 3.7145188e-08, 7.9153585e-06, 0.00044294286, 0.99951772, 1.9290165e-07, 3.9142141e-05, 0.058940979, 0.93946483, 0.00130371, 0.00029048152</discrete>
  </state>
  <state id="10" initial="0.00000000">
   <discrete id="0" order="1">0.99902588, 0.00042805331, 8.1330047e-05, 0.0004647317, 0.99934152, 0.00025881986, 0.00013503606, 0.00026462281, 0.99994835, 9.2311189e-07, 2.018837e-06, 4.8707354e-05, 0.999887, 4.626442e-05, 1.4134374e-05, 5.2605036e-05</discrete>
  </state>
  <state id="11" initial="0.00000000">
   <discrete id="0" order="1">0.036852909, 0.32963311, 0.20532662, 0.42818736, 9.1240333e-05, 0.038578205, 0.0059964703, 0.95533408, 1.0141143e-06, 0.05506055, 0.062282181, 0.88265625, 3.8521935e-06, 0.21919197, 0.32398667, 0.4568175</discrete>
  </state>
  <state id="12" initial="0.00000000">
   <discrete id="0" order="1">0.19233181, 0.45776707, 0.13323586, 0.21666527, 0.2636123, 0.35842793, 0.064158375, 0.3138014, 0.29136243, 0.37898634, 0.17063101, 0.15902022, 0.15327638, 0.36160389, 0.24477661, 0.24034312</discrete>
  </state>
  <transition source="0" target="1">
   <probability>1</probability>
  </transition>
  <transition source="1" target="1">
   <probability>0.99639284</probability>
  </transition>
  <transition source="1" target="2">
   <probability>0.003607159</probability>
  </transition>
  <transition source="2" target="3">
   <probability>1</probability>
  </transition>
  <transition source="3" target="4">
   <probability>1</probability>
  </transition>
  <transition source="4" target="5">
   <probability>1</probability>
  </transition>
  <transition source="5" target="6">
   <probability>1</probability>
  </transition>
  <transition source="6" target="7">
   <probability>1</probability>
  </transition>
  <transition source="7" target="8">
   <probability>1</probability>
  </transition>
  <transition source="8" target="9">
   <probability>1</probability>
  </transition>
  <transition source="9" target="10">
   <probability>1</probability>
  </transition>
  <transition source="10" target="11">
   <probability>1</probability>
  </transition>
  <transition source="11" target="12">
   <probability>1</probability>
  </transition>
  <transition source="12" target="1">
   <probability>1</probability>
  </transition>
 </HMM>
</mixture>
