<?xml version="1.0" encoding="ISO-8859-1"?>
<!DOCTYPE mixture PUBLIC "-//ghmm.org//DOCUMENT ghmm V1.0//EN" "http://ghmm.sourceforge.net/xml/1.0/ghmm.dtd">
<mixture version="1.0" noComponents="1">
 <HMM name="" type="higher-order discrete">
  <alphabet id="0">
   <symbol code="0">A</symbol>
   <symbol code="1">C</symbol>
   <symbol code="2">G</symbol>
   <symbol code="3">T</symbol>
  </alphabet>
  <state id="0" initial="1.00000000">
   <discrete id="0">0.22767563, 0.28358388, 0.26229263, 0.22644786</discrete>
  </state>
  <state id="1" initial="0.00000000">
   <discrete id="0" order="1">0.25260855, 0.23188284, 0.34178114, 0.17372747, 0.26589345, 0.31467627, 0.15531479, 0.2641155, 0.20877953, 0.29139649, 0.31922733, 0.18059665, 0.13519789, 0.26951539, 0.34183895, 0.25344777</discrete>
  </state>
  <state id="2" initial="0.00000000">
   <discrete id="0" order="1">0.27620788, 0.1350637, 0.44643399, 0.14229443, 0.34029198, 0.17303464, 0.15344073, 0.33323265, 0.24903471, 0.19270586, 0.37713474, 0.18112469, 0.12520386, 0.12950026, 0.56898838, 0.1763075</discrete>
  </state>
  <state id="3" initial="0.00000000">
   <discrete id="0" order="1">0.40731501, 0.1152968, 0.45377371, 0.023614482, 0.65293211, 0.20642758, 0.13487582, 0.0057644895, 0.41644494, 0.21289682, 0.32649454, 0.0441637, 0.30571225, 0.27590499, 0.40117544, 0.017207319</discrete>
  </state>
  <state id="4" initial="0.00000000">
   <discrete id="0" order="1">8.0113966e-05, 0.00022951682, 0.00012568494, 0.99956468, 0.00076249053, 2.4390401e-05, 5.1707879e-06, 0.99920795, 0.00027643244, 0.00024312334, 7.4938366e-05, 0.99940551, 5.4439713e-08, 8.6830823e-09, 1.9666487e-06, 0.99999797</discrete>
  </state>
  <state id="5" initial="0.00000000">
   <discrete id="0" order="1">3.6274524e-05, 0.00010207379, 0.99983703, 2.4617653e-05, 8.3586735e-06, 1.3917495e-05, 0.99996045, 1.7276782e-05, 3.8383758e-05, 1.3926048e-05, 0.99993444, 1.32502e-05, 0.00049076059, 0.0013412721, 0.94962666, 0.048541308</discrete>
  </state>
  <state id="6" initial="0.00000000">
   <discrete id="0" order="1">0.9998876, 8.1324368e-06, 3.8679185e-06, 0.0001003989, 0.99998534, 1.4022371e-07, 1.3556927e-08, 1.450279e-05, 0.98335317, 0.0018815362, 0.00053756034, 0.014227729, 0.99999861, 0, 2.3024798e-08, 1.366269e-06</discrete>
  </state>
  <state id="7" initial="0.00000000">
   <discrete id="0" order="1">0.056062205, 0.45208161, 0.43853253, 0.05332365, 1.099284e-06, 0.01783036, 0.98195386, 0.00021468489, 1.3168798e-05, 0.86498953, 0.13342847, 0.0015688267, 1.1118085e-07, 0.0077104533, 0.98901436, 0.0032750746</discrete>
  </state>
  <state id="8" initial="0.00000000">
   <discrete id="0" order="1">2.8910651e-07, 0, 0, 0.99999971, 0.033525522, 0.00019977254, 0.0056010514, 0.96067365, 0.00016881922, 0.0004439884, 4.0156365e-05, 0.99934704, 0.00080823494, 6.8138386e-05, 1.8985826e-05, 0.99910464</discrete>
  </state>
  <state id="9" initial="0.00000000">
   <discrete id="0" order="1">0.0058509416, 0.99414338, 2.3316689e-06, 3.3433588e-06, 0.0072882957, 0.99270092, 7.9123102e-08, 1.0709899e-05, 0.00013366656, 0.99984731, 1.5846468e-07, 1.8869155e-05, 0.052317301, 0.94625526, 0.001223124, 0.00020431333</discrete>
  </state>
  <state id="10" initial="0.00000000">
   <discrete id="0" order="1">0.99896176, 0.00057794412, 9.9815492e-05, 0.00036047735, 0.99930929, 0.00011721261, 0.00036189425, 0.00021160518, 0.9999221, 6.0222929e-07, 2.2162113e-06, 7.5083527e-05, 0.99994347, 1.7664872e-05, 2.4697866e-06, 3.639395e-05</discrete>
  </state>
  <state id="11" initial="0.00000000">
   <discrete id="0" order="1">0.034404784, 0.33546042, 0.19680259, 0.43333221, 0.0001382368, 0.077907076, 0.032404002, 0.88955069, 4.08422e-08, 0.040815629, 0.016289738, 0.94289459, 4.6289945e-06, 0.19235986, 0.25380688, 0.55382862</discrete>
  </state>
  <state id="12" initial="0.00000000">
   <discrete id="0" order="1">0.2001797, 0.42241682, 0.13935777, 0.23804571, 0.255347, 0.36315439, 0.065268139, 0.31623047, 0.28868468, 0.38490833, 0.16825535, 0.15815163, 0.15403444, 0.36236909, 0.2470932, 0.23650326</discrete>
  </state>
  <transition source="0" target="1">
   <probability>1</probability>
  </transition>
  <transition source="1" target="1">
   <probability>0.99537324</probability>
  </transition>
  <transition source="1" target="2">
   <probability>0.0046267619</probability>
  </transition>
  <transition source="2" target="3">
   <probability>1</probability>
  </transition>
  <transition source="3" target="4">
   <probability>1</probability>
  </transition>
  <transition source="4" target="5">
   <probability>1</probability>
  </transition>
  <transition source="5" target="6">
   <probability>1</probability>
  </transition>
  <transition source="6" target="7">
   <probability>1</probability>
  </transition>
  <transition source="7" target="8">
   <probability>1</probability>
  </transition>
  <transition source="8" target="9">
   <probability>1</probability>
  </transition>
  <transition source="9" target="10">
   <probability>1</probability>
  </transition>
  <transition source="10" target="11">
   <probability>1</probability>
  </transition>
  <transition source="11" target="12">
   <probability>1</probability>
  </transition>
  <transition source="12" target="1">
   <probability>1</probability>
  </transition>
 </HMM>
</mixture>
