<?xml version="1.0" encoding="ISO-8859-1"?>
<!DOCTYPE mixture PUBLIC "-//ghmm.org//DOCUMENT ghmm V1.0//EN" "http://ghmm.sourceforge.net/xml/1.0/ghmm.dtd">
<mixture version="1.0" noComponents="1">
 <HMM name="" type="higher-order discrete">
  <alphabet id="0">
   <symbol code="0">A</symbol>
   <symbol code="1">C</symbol>
   <symbol code="2">G</symbol>
   <symbol code="3">T</symbol>
  </alphabet>
  <state id="0" initial="1.00000000">
   <discrete id="0">0.22938912, 0.27535934, 0.26640144, 0.2288501</discrete>
  </state>
  <state id="1" initial="0.00000000">
   <discrete id="0" order="1">0.25707356, 0.23035783, 0.335718, 0.17685061, 0.27395777, 0.31271736, 0.14425853, 0.26906634, 0.21368149, 0.28821361, 0.31212698, 0.18597793, 0.13793113, 0.26690327, 0.33904971, 0.2561159</discrete>
  </state>
  <state id="2" initial="0.00000000">
   <discrete id="0" order="1">0.27583087, 0.13502428, 0.44422089, 0.14492396, 0.33383636, 0.17407827, 0.14692168, 0.34516369, 0.25164156, 0.19612428, 0.36624939, 0.18598477, 0.125089, 0.12899021, 0.56015698, 0.18576381</discrete>
  </state>
  <state id="3" initial="0.00000000">
   <discrete id="0" order="1">0.41241433, 0.11684581, 0.44623179, 0.024508068, 0.65481027, 0.19828483, 0.14085838, 0.0060465199, 0.41803299, 0.2163778, 0.32042045, 0.045168747, 0.30711343, 0.28116771, 0.38723058, 0.024488284</discrete>
  </state>
  <state id="4" initial="0.00000000">
   <discrete id="0" order="1">0.00012982613, 0.0008104446, 0.00014814428, 0.99891158, 0.00041644018, 2.9916842e-05, 2.9871963e-06, 0.99955066, 0.00024774572, 0.00015027249, 6.9695559e-05, 0.99953229, 0, 0, 4.7714968e-07, 0.99999952</discrete>
  </state>
  <state id="5" initial="0.00000000">
   <discrete id="0" order="1">2.3478679e-05, 0.0001082047, 0.99984955, 1.877021e-05, 4.6586954e-06, 5.0664418e-06, 0.99998386, 6.4195713e-06, 4.8077294e-05, 1.7787339e-05, 0.99992153, 1.260697e-05, 0.00058819529, 0.0008074497, 0.95085753, 0.047746823</discrete>
  </state>
  <state id="6" initial="0.00000000">
   <discrete id="0" order="1">0.99996092, 1.4061966e-05, 3.2245018e-06, 2.1794023e-05, 0.9999732, 3.4724435e-07, 3.1518695e-08, 2.641652e-05, 0.98314262, 0.0027290361, 0.00031154991, 0.013816794, 0.99999868, 0, 1.8005843e-08, 1.3011476e-06</discrete>
  </state>
  <state id="7" initial="0.00000000">
   <discrete id="0" order="1">0.053882579, 0.45074345, 0.44001611, 0.055357865, 6.6498258e-07, 0.010973433, 0.98884019, 0.00018570721, 1.2323089e-06, 0.85259886, 0.14426335, 0.0031365562, 4.063228e-07, 0.010848403, 0.98688489, 0.0022662989</discrete>
  </state>
  <state id="8" initial="0.00000000">
   <discrete id="0" order="1">1.8781178e-07, 0, 0, 0.99999981, 0.032517833, 0.00031965612, 0.0066060516, 0.96055646, 9.7225047e-05, 0.0007800824, 4.5929153e-05, 0.99907676, 0.00053912352, 1.4859258e-05, 3.1486556e-05, 0.99941453</discrete>
  </state>
  <state id="9" initial="0.00000000">
   <discrete id="0" order="1">0.0060149106, 0.99397581, 2.9913825e-06, 6.2850426e-06, 0.0051296196, 0.99486753, 2.3895353e-08, 2.829834e-06, 0.00010800364, 0.99988729, 7.8168694e-08, 4.6242266e-06, 0.053708892, 0.94511565, 0.0009770539, 0.00019840388</discrete>
  </state>
  <state id="10" initial="0.00000000">
   <discrete id="0" order="1">0.99945514, 0.00025213121, 8.708666e-05, 0.0002056402, 0.9992634, 0.00022169877, 0.00026517811, 0.00024972536, 0.99995656, 1.591651e-06, 2.2879481e-06, 3.9561647e-05, 0.99992608, 2.8479961e-05, 1.3012474e-05, 3.2427547e-05</discrete>
  </state>
  <state id="11" initial="0.00000000">
   <discrete id="0" order="1">0.032879185, 0.33247215, 0.19839521, 0.43625346, 8.0561845e-05, 0.046336778, 0.0034759984, 0.95010666, 4.4235374e-08, 0.026291875, 0.079562769, 0.89414531, 4.1417147e-06, 0.25747529, 0.21558044, 0.52694013</discrete>
  </state>
  <state id="12" initial="0.00000000">
   <discrete id="0" order="1">0.19135901, 0.45521913, 0.13964182, 0.21378005, 0.25511872, 0.3619683, 0.066901523, 0.31601146, 0.29932326, 0.37233862, 0.16933086, 0.15900726, 0.15442507, 0.36006302, 0.24975814, 0.23575377</discrete>
  </state>
  <transition source="0" target="1">
   <probability>1</probability>
  </transition>
  <transition source="1" target="1">
   <probability>0.9952358</probability>
  </transition>
  <transition source="1" target="2">
   <probability>0.0047641976</probability>
  </transition>
  <transition source="2" target="3">
   <probability>1</probability>
  </transition>
  <transition source="3" target="4">
   <probability>1</probability>
  </transition>
  <transition source="4" target="5">
   <probability>1</probability>
  </transition>
  <transition source="5" target="6">
   <probability>1</probability>
  </transition>
  <transition source="6" target="7">
   <probability>1</probability>
  </transition>
  <transition source="7" target="8">
   <probability>1</probability>
  </transition>
  <transition source="8" target="9">
   <probability>1</probability>
  </transition>
  <transition source="9" target="10">
   <probability>1</probability>
  </transition>
  <transition source="10" target="11">
   <probability>1</probability>
  </transition>
  <transition source="11" target="12">
   <probability>1</probability>
  </transition>
  <transition source="12" target="1">
   <probability>1</probability>
  </transition>
 </HMM>
</mixture>
